1001110100100111010110010111011000011100110000000001000101011111110111010110110000011110011000111111 1
0101001000001110001001010001111000110111110010000010101011101110101001111001001010010010100111110101 1
1011001100101001011100001100010011110011000011000111011101111110011111001011100101101110010010000111 1
1111111100010011110001001111101100011100011110001100101010000101110001011000011111100010110111101110 1
0110011101101010001110010011001100000010010111001110000001011111100011010010100110100110100100010010 1
1011111100110011101011011111000011110101101111100001101110100000000000110010100011101001110011011110 1
1001101001001111101111110010101101010010111111001100000111010100010010011001101001110010000011010010 1
0010001100111111101001011110011101100111011011010110101101111110001001011110110100110111100011110110 1
0010001100000110101110100000100100100101001100101100111110011001000000001110010111111011101011101111 1
1011110011100011110110010111001111000001101110000100000111000001000101001011110100111111100011010111 1
0101100000011100110011001011000001011101000001110010111111110001000000001111011000011111101101010101 1
0001000010000010000000111110000011100000011000001100101111011111111101000011001101011010110000011001 1
0110000011010100000110000111010011001111101101000110111100000101010011111011010000000011011101011010 1
0000011000100001010111001010000001101000011100100111111011010001001101001001000100100000000101000011 1
0001011110111000011000001101100001101100101011100100000110000110101011100000001010010111010011011000 1
0001011100101100111101101111111000110001110100110100001011110011100010111011111111011001011001101000 1
0101101000001001100110100110000000001101001000000110000010000111000100000000001000100001000001011110 1
0100010010010110111000100110110011001100111011001111010100111010110010010101001001001111100101110111 1
0101100010000010100011100000010101111100100001100011110011000001110111001101011000010111100000100011 1
1010000010011100011010000100100000001010101110000101111110011110110100000010011111111001001001100100 1
1101011010000111010011100101111111110100110101001101110011101010100011001000010100101011101101011101 1
1001001010001101000011010001001111110100100011001001000101001111111001000010110100100000111111110010 1
1110011110100011100111010111001010001000010110000110100100101011000011110111001011001001010101001100 1
0111100000111011101001111011101010100011010000100100100000001110100100010111111111011000111011100101 1
0100110110101000101000101110001010100011111100111111010100010011001111000101011100000000100011101101 1
1010100110110000010011100111110110000000100000111010011000010100001001000110000110110100010010011011 1
1000100010111101100100100111011111100110110110111011101110111111100111011001110010011101110111110101 1
1010111001111101000010100001000110101110111111000100110000111011000000110001011010110101010001100001 1
1010101011101101001110011001000100011101111000010110111111111111101011100100100111001001010111100100 1
0000111010101110101101000011001110000111000001000111010000111001111111010011110001110011110101011110 1
1101000100000001011000100111011110100011010001101001111100110000011111110100010110011011111101111001 1
0001101101000001010010110110101110000111000101000010001010011010101011011111000111111000101111110001 1
0001111101101101100110110101100000001000101001111101110110010100001101010111101101110110010010100001 1
0110101001000001010000001110011001011100001011110010001001101110011101100111010011000100110110000010 1
0011101101111010111010110100100100011000010101010000111111010011011010110101111010001101101010110000 1
0110001011010000011010000010110100101010110111101111011110111100011110010101100011101110011100011010 1
0101000101000101100101111101001001010010011000111101001110101100010101011000011100001110101011100010 1
0111111001110110100111101000111001001101010001011110110111111110010010001101001110000111100011000111 1
0000010000000000001101111000111111110100000111101110010010110010111000101010001101110011100101011101 1
1001111001001010100010101100011011110100000001111111100011001010110011001101000001000111100110001010 1
0100100110101100100001110110100001110000111111101101001111011000110100011010101011001001110100100011 1
1101101110000011011111011001001000000011101010010101001011000000000000011100101100010101101100010011 1
1000101010000011010100011010100101101100001010111110001010001101010111001101100001011011110011100011 1
1011011101000101011111110000101010101010011101101101101011100000100010101100001010111001001100101111 1
1010010010001100110100011111011010011110011001010010011000100001010000111111010110110010110000010110 1
1111000101101100110110111111011101000000100001010100100100111111111110110101110111010101010101110110 1
1100100111011101100110001110110001101110100111110101111010100001110010100000010010100110001001001010 1
1101010001001001110011000110111101101110010011000101000010010001111101011100001111111000011101011010 1
1011111100011001111111001000110110010001111110010110001111011101000011111110111100100110001100100111 1
0001110011111000110000010011011010111101011110100100100010001111111010000111001011111110011000111011 1
0100000000111011010000001111100001001111001010110101100100000010001001111001010001010010101011100010 1
1000011000001001110100111100111111001011101110111101110100111011111100101111101111100100111110000100 1
1101101110110001011010100111000010111000100111100010011000011101100111111101111101111000100001100110 1
0000100110000000110011100111011001000101010001001101010100000011011110001101101010111011100100110011 1
1001100101101000001100010111110110100001001111010011111000100000001001010110011110100000111001010010 1
0001101111101101111011010011111010101001101000010011100001010110011100000000000100111110111100110000 1
1011111010001101010110000111011001001010011011010001101110001000111001011100101001010000010000001011 1
0101001110010010110110110111101101100111110010111011111000010001100100101011010110010011010110011101 1
1011100101101101011011000111100000000101101101001111100010100000010100010101111010001100011000001010 1
0100111010100001000011010001101011001001100011101111100101001100010100100110101001001011010101111111 1
0111110011110001111011110110111000011101000111111110001010100011000111100011010110111100001101011101 1
1110001110001011010111111111111110101010100101110111110010100000100100011001110000100011001010010011 1
1110110110011100011001111101101101001110010011101010100000111100111011111110100100000110100010111001 1
1011010010101010011000000111111000000001101110011000111011010010011001111111101001000101000010001010 1
1010010000001100100101011100100110100110011110100101000110000110001100110110010101011001000110110101 1
0001110100101100111110101100110101001111011001101010000010101110101011101010111000001001011101101111 1
1111001101110111100101010000100111000101100111010101001100000010010001001011010011110001100000011000 1
0011111100010011100101100000100000000010010110001101010111110110111101011011011110001001100011100010 1
0000011001011010001110000110111001010011111101010111100111010011001010010101100000000111101111011000 1
1110010111101101001011010011101010000010101101011101111000011000101011111001111001011000101100100101 1
0000000001001100011110100001100100101010001111110111000010011011001000101000110010100100111001010111 1
1110110111100100100101101111111011101001001001011011110011010010001001111101010100100100100110011100 1
0010101100000101001001011011101100000011001000010111010010010011000011101100000011100100011010001000 1
0111110100110101111001000100110101001110111101000100101001000011111110011111111001000010011000010000 1
0010110111100111010111110010110001101001001001110100100011010010001001001101101001100100100110111010 1
0100011000110000111110011100110010010110011100100111001010101010011000111111110010011110011111111100 1
1001100011101101100111100001111100100011100100000001010010101010011101111001100100110101101111101101 1
1111100000111011111000111001101101001000100111000010010111111101100000110111111011001000001010010101 1
0000000110001110101011110101110000001000010110101010011110000011000001100101001001101011111110100001 1
0100010010111110001000000000011001100001011110001110100110000100110110100001001101110111111001000110 1
1111100111000101101110111001111010110011000001010000011100100101011001000011111100011001011110011101 1
1010010011100111001111000110100101110010111010000000010011111110011101100101101101100000011101110100 1
0010100001111011011011110111101010001011110001101111001000011101011110111110110001101011011111101111 1
1110111001001110011111101111110010000100000111101100100011101101010111110000111110000001011101010001 1
1101010110000000110001100110010101100111101111101100111011011110000011011011111101111101100111011111 1
1100110001001000100001000011001001000000100000110011001111100010000000011101000100110110110001111011 1
1011110110111100111010010011011011011100011111000100011111110111110010001110101110010110111010110001 1
1000111100101001010100001010001011000101110101011100101101011100101000011111110101111000111000001110 1
0101011100001101001010010111001000110110100000011001111010011110111001111000100100101000110001100101 1
1110000001110101110011101010001000000110010001011100101110001101001011011101101101011000100111110010 1
0100000111011111100110111001001001110000100100001001011111000111011101101111101011010101111110110001 1
1100001000010001000011101010010000000001001101111110110110110010100011011111000101000111000000011100 1
0000101110001001011000110111001010011001001001111001100111010110111110111101100110100110000000001000 1
0100111000001111001011000100101101001011110001000011110011001110111110101100000011101011010001101010 1
0100010101100100100101000000100100001110100111110011111111010001101110110100100001001000110111111001 1
0101110011111001100100111111101111010111010110100000100111110101101001001010110101001101011101010000 1
1001101101100110110110110010110000001000100000111100000010101001100111100010011111000011101101001101 1
0100110001011011101000011110110110111110101000011011011000000110101000000100110010110111100011011011 1
0000110100111100110111000011001101111110101101010010100010010100010100011101011111101001000110101010 1
1010101101111100010010001000000100010111011011001111010011100110100101100101111111101001101110001011 1
1111110000000101010001111000100010100111001101010011110011111101011100100101000111010000101010111100 2
0001101100010110000001001111111010111110010001101000110011110001100011011001100001011101110101111011 2
1111100001001001111110100110111111111011110001101000100001110010011000010110011000110000000110100101 2
1000000101100000010011011100111001001101101111101001100110101100011001110111000001010101100110010000 2
0000100001011111001101101100001100001111001001111101111001011110010101000111100110011011100010011111 2
0000000111011110011000111000111010010111000000000111111100101110111011111110001000001001110000100110 2
1110011011011111101110101110111101010001010100101010000101000110110000001101101011111100101101101101 2
1111010101001011111100010110111000000101111001101101100101110011010000110001000101000001110110110110 2
1111000010011110001011000111010100010100001010011111010110010111010011001101000100110001101011110001 2
1101001010000000011001001100001010100110010010100000011010111101101101110100011101110101010110000000 2
1100001101011011001001011000010101011001111010100111101001111100011001011110000101010110111011001011 2
1011110011101101000010000110101000111010110011001100001101010110000010010000111000001101100000001100 2
0100110010101101101010111101010100101111001111001100000011010101101100000110100111011100001000000110 2
1101101111110001110011001001100111100011011001010000011001111010101101101101110001110001100001101001 2
0111110100010010000011010000010001110110000100101100000011111011011100111110000010101110101111110011 2
0100110011010001001001111010011010111111011110110001100101111111011110010011100010001010100100111100 2
1001111001001100100011011111011001010000101010011011111001011011011101001101001111010111000101111100 2
1100010001000001000001110000001111110100001101001001010101101001101011101111100011111101111000000100 2
1011010010001011100100111111010110111001000000011101111100101011110000111001100111010100000111100000 2
1010100100111001101010001001110111101011001100111111010001100101010011111100111011101000011010101101 2
0010001010101010000110001110011101110000111011100010110101101000110110010100100100111101000010111110 2
1110101000110001011011100101101010000001010010111000110010001000000000011011100001111000110010100111 2
0100101110111101000011000011100001001011011101000000110001111100101010001001110001001000111010001001 2
1111111000011110010101001100011110000001001011101111011010001100111001100011011011010111010110001001 2
0011000100001111000000110111001110111100100111100101101101011100111001110100110100110010011000001011 2
1011010010001110000101000000011000101111101110101010101101100010100110101101010111000001111111111110 2
1101000111001010000110100010101100000001100100010010100001100011100110010101011001011111000011000010 2
0100000100110111000010011101001000110000000100101010110100011101011000111100011111010111100000000011 2
0011101110001000001011101111000100001111000001000101111001000000100001001100110011111100100111001010 2
0010110101101001101100101010010001111100110100001001111011011000011111110001111000011000000011010011 2
1001010110010000100101100001011110001001010100110011011011001010000011010000000001110011000001001101 2
0110011010111100000101111101100100111010110011110011111101011000000110011001110101110101000010000111 2
0011011101011010000110001001110101100100110000001001111111010000010010010011101101010010100010001101 2
1111101001110101000010001001101011100000111101001101001001110111100001011100010101110010111101011011 2
0011011101110111101111000010110011110111000110101001010001101111001001100001010001100111000010101000 2
1001000110010010111100111001111010000000110111011010110100110110110000101100101111100101111100100110 2
1101111011110011111010100101000001101010001001000101011100001001110100101010110111101111010101000011 2
1000111000001000110010100011100100111100001000010010001101111100001110000001001011110111101101010000 2
0011010001100101111101011100110001000101001010010001010111001100011100100101010100000101011011011110 2
0011110110010100110110010111110110110111101010010011110111011100010100001110110000110111000101001011 2
1100110000001101000101000011110111000011110101100000110000100001011101110111001101010101001110001110 2
0001110110000100000110000111011001101011001001111000010000100110011011011000011100111100010100011111 2
1001101111100101011000110011111001111010101101011101000100011100101010111001010011101110100111111110 2
1101100111010000101101001010110010110010101001010001111010110110111101101011001110010010001011100001 2
0101011010011010111011101010101110001011101110001100011011110101110101011111011000011011110111101111 2
1111010001111010101001010110101011111010000100111010100111010011101100110000100101111011100111011000 2
1111011001000001100100100000110011010110010111000001000000101110101100110000011110100011000010110110 2
1000000101000101001010011101011110000001001010101001010010010000101011001010110101001100110110100100 2
1111101111001000010100011011001111001001001100000010001011101111110000000001110111110101010010101101 2
0000110010011100111100011111010010010100000011110011000000010011000010010110100101100111110101100110 2
0110111001101110101111000111011010001101011101011101100101110011100011100100011111010011010000100011 2
0111010101000110010010101111001001000010000001001101011011110001010010100101111100010110111111101010 2
1100101000101000011110000010011010010111100100010011100110100001101010101101001101101101100001110110 2
0110010100110111101001010110111111011101101011001011010000110110001111100110011110111110101110110011 2
1111100101101011111001010000001011011100010101111111000101001011001001010011111101000110100111111100 2
0111100010000011110110000011101011101001000111010000011010000101110011001101110000111111011010101011 2
0000001001110101100011001000011110010011011101001000001111001000100111000000011100100000111011010100 2
0001111111100110011110111001101100010011000011000010100110000010111000101100101100001011110000010000 2
0000101101100111110000010111001101000001101011011101110010011011010101011010110110100010101111001010 2
0100001011011101011101111001000010000100001001000001000100110001100000011001000011001001000001110111 2
1011100111010100010001001111001101101010011100110000100100101111000000111000001010001110111000001001 2
0011111011011011001100000001111101000110111100010010101101001101111100110010010001110101101010000011 2
0111001101011001011000001001100101111000111101111011000110101010000011111011111010011000100101110100 2
0001101000110101001111011001100001010001001010001000101000110011110010101001011001010100001000111010 2
0011010001100000001010001011000100010110111010100101001011001111111111111000010010111000010110100001 2
0011110011010000010000010101111101001111110100100010010111010001100010000010100011110011101011000000 2
0010111101000010110100111100100001111100011111001110000111110001010110110111101111100010100101111010 2
0000000111001110111000001001011010010101111010101010110010011101111100001110010001010101111111001001 2
1011010000111101110110011000101010010111001011111111110101010011010110111001011110110100011010011001 2
0001010000100110011011001100000011010111101001010000000011110100101101000100010011101101001011000001 2
0101111001010010010011010001011000111001101101001101110101001000111011110010010101011010110100101010 2
0001110100110000011111001011101010011111101110100101100000100100100101010111110011101101100010100011 2
0100011101010100101001001000100100100110111000110001010101100100001111110010010110010100111101010011 2
0010011100000111101110001010110001110111111010101001100110010101010110011001101101101010001100100001 2
1000011010110011100101100010100111100101000001000001010110000000100111001011100100000111111101100001 2
0010010100101110111100100000001001010001011111011111111000111010000111000001101100100010110110000110 2
0110101001001110001011110011000011000010101111010111000000100001110011100110010100111010111010001000 2
1011011100000010000001111000110111100001100000101001000010111111111100010011000000110011110111000101 2
1001110101001101110101110000001100000011110001100000010100111011100100111011100011100111111010011011 2
0101000100010110110111110001000110011110100100010100100011101110100001101101010001111110000011111011 2
0011001001111101110111011011000011011000000000011101011110101100111000110010000100110110100001000001 2
0011100001111001010000110110001010000011111101110101001111000101001001011101111000011100000011100101 2
0000101101101100000100010011001001011000001101100010100110110000101110111111001101010101100001010000 2
1010011000110000001010010001000010110000001100110110101000010000011000111110111001111000011011111111 2
0000011011100101011111111110000101100101011111001101111101010011111000111111001010001100011011010000 2
1111011001101101100111100110100011011100011001101001110011001100101010100111100110111101011111010111 2
1100010010111111000101001111110101011100100111111101110100111010000101100011111010101111110100000000 2
0101011011010100101000100110100011000110011110101001010101000100110100001110000101111110011110110110 2
0110111010101111100001100100111011001101110000010000110010000000000110110001001110010100110011111100 2
1100110001001001001000010000010011001100111111000000111111101010101111100101010001010111100000100011 2
0100001111101010101100111011111000110110001101011110111011100010010111111110110011110011101011011100 2
1110100010010001010110111101011000011111111011110110100000111110100010000010110011111010001011011001 2
0101110100111010011110110100010100010011010110100001001101011110011100000100010100010110111010000111 2
0010100101100011000011000011011010100001110011001110101011101010101011011011101000110000110011010101 2
1101111110000110100011011001001110010010111111000111010111010001000111010111001001111010111111001000 2
1111001110001000111001100111101110001100010011011100000011110010011110010000110010111101111000001000 2
1011110101111010011000111001000100100101001010000111111010101010010111001110010100010100101101110111 2
1000011101111101101000110101010100111010110110010010110011011011001001110011000000110100001010110000 2
1000000001111001100011111000010011100010011111101110010100011111101011100101000100010111011101111010 2
1111111100000111010110001110111110110111011001111010011111100111001001001101100101000101011111011110 2
